%YAML:1.0
---
cameraMatrix: !!opencv-matrix
   rows: 3
   cols: 3
   dt: d
   data: [ 1.0405064478682204e+03, 0., 9.3871052529399356e+02, 0.,
       1.0400922366737077e+03, 5.5387380749254248e+02, 0., 0., 1. ]
distortionCoefficients: !!opencv-matrix
   rows: 1
   cols: 5
   dt: d
   data: [ 3.3548868030786529e-02, -4.7683274993429732e-02,
       -2.8782539728737806e-03, -4.3534482068370373e-03,
       8.7674338041977568e-03 ]
rotation: !!opencv-matrix
   rows: 3
   cols: 3
   dt: d
   data: [ 1., 0., 0., 0., 1., 0., 0., 0., 1. ]
projection: !!opencv-matrix
   rows: 4
   cols: 4
   dt: d
   data: [ 1.0405064478682204e+03, 0., 9.3871052529399356e+02, 0., 0.,
       1.0400922366737077e+03, 5.5387380749254248e+02, 0., 0., 0., 1.,
       0., 0., 0., 0., 1. ]
