%YAML:1.0
---
cameraMatrix: !!opencv-matrix
   rows: 3
   cols: 3
   dt: d
   data: [ 3.5891681164066580e+02, 0., 2.5145987403411786e+02, 0.,
       3.5881567146414716e+02, 2.0575278146091401e+02, 0., 0., 1. ]
distortionCoefficients: !!opencv-matrix
   rows: 1
   cols: 5
   dt: d
   data: [ 9.2241538564664355e-02, -2.7451671849099563e-01,
       -2.5903941818065279e-03, -1.4565022967493466e-03,
       1.0466064544124293e-01 ]
rotation: !!opencv-matrix
   rows: 3
   cols: 3
   dt: d
   data: [ 1., 0., 0., 0., 1., 0., 0., 0., 1. ]
projection: !!opencv-matrix
   rows: 4
   cols: 4
   dt: d
   data: [ 3.5891681164066580e+02, 0., 2.5145987403411786e+02, 0., 0.,
       3.5881567146414716e+02, 2.0575278146091401e+02, 0., 0., 0., 1.,
       0., 0., 0., 0., 1. ]
