%YAML:1.0
---
depthShift: -3.8475080304802034e+01
