%YAML:1.0
---
rotation: !!opencv-matrix
   rows: 3
   cols: 3
   dt: d
   data: [ 9.9995702165642952e-01, 3.7489854154877686e-03,
       8.4793837250856652e-03, -3.7478053210822618e-03,
       9.9999296493143242e-01, -1.5505778997641702e-04,
       -8.4799053814329298e-03, 1.2327204640504442e-04,
       9.9996403735770645e-01 ]
translation: !!opencv-matrix
   rows: 3
   cols: 1
   dt: d
   data: [ -5.2102037055372995e-02, 8.0363789711091811e-05,
       1.5815561027407877e-03 ]
essential: !!opencv-matrix
   rows: 3
   cols: 3
   dt: d
   data: [ 5.2458870445986169e-06, -1.5815350697763468e-03,
       8.0606132210883768e-05, 1.1396677856697526e-03,
       1.2351955492638172e-05, 5.2113573949529493e-02,
       1.1490795590682511e-04, -5.2101971796645358e-02,
       7.3973913085130842e-06 ]
fundamental: !!opencv-matrix
   rows: 3
   cols: 3
   dt: d
   data: [ 8.8179226767758671e-09, -2.6591851456909554e-06,
       5.9354794241177474e-04, 1.9164546408636471e-06,
       2.0776787055300597e-08, 3.0967020555086228e-02,
       -8.6877641830825482e-04, -8.8667823709320248e-02, 1. ]
